123.829744656994,88.7376991124456,288.314379744432,-12.6236615029794,10.7160998113517,0
101.777266312243,38.2785790524503,276.827269426993,-5.57117455340302,9.94334957585906,0
16.9522274687051,51.8516653383966,281.848143133326,-2.07369686241711,2.07101670896304,0
115.558730014206,207.864000784932,229.361428734352,-48.734429994307,2.43519600945974,0
119.423803496078,135.733341960297,72.0763391481795,-39.3948674676061,-4.12514320478161,0
217.679617278056,-107.017560350221,101.153820864245,14.9260990587426,-14.1893174511543,0
58.877020859191,-19.5220977529537,251.450902790005,28.4109699649168,-7.52597814114696,0
238.256903165014,33.7050937129967,286.311063430548,-10.9969443220564,-14.2060340946848,0
49.4451925219546,20.6320053567891,129.928575700577,30.4532863404672,-13.0059909597898,0
105.045086952035,229.692392965729,76.3899662524541,-3.11195180224499,-18.4736823691551,0
185.309822331823,80.460980582936,202.736077780598,19.2209417083242,-14.2054378480959,0
119.493957004878,211.742603516996,100.906896174609,0.492153501149342,0.4513523693717,0
157.352645312265,178.555410870236,69.7182271785234,-2.60770161335347,-0.341627749562779,0
86.4101940006342,49.4949677843194,288.929588591922,17.802058473972,16.1066628273614,0
128.577955879361,108.780450835906,86.5482833600627,17.8915984070491,-28.6771993031112,0
250.196841278316,2.66999809439802,164.138189207914,-11.9087454377666,18.3064404931123,0
54.6709527160079,235.090366633446,288.805141931497,30.9561532821412,32.3045314655671,0
207.761165638245,-49.3618498061821,66.0558515287408,0.78511169383972,5.40065746368208,0
47.9674674066835,138.412944653189,94.927599217171,-20.2555128236298,-0.275270877217629,0
260.469940945776,-3.5325207390588,280.547496376488,10.4632715282138,10.5257294653573,0
169.71139702328,-19.0618874320996,94.0480609434085,0.726236921613883,28.8421120924976,0
202.248775274046,102.139557692903,121.706364442324,0.0192488806269713,-0.652578716249145,0
275.68637714211,20.7322641650416,233.230063005448,18.8813477050058,38.4742438592724,0
241.325481033974,67.6222600943093,181.150951199436,18.0972176216783,-18.9272163314919,0
72.8973159777221,-31.7359751727612,170.969327077467,3.25824498834585,25.0260990739389,0
195.137698207442,96.5569804708633,28.2730691128414,-0.850692177300878,-2.15072375193729,0
164.784290239131,-30.65438615097,243.428248688074,-0.27541070439721,-43.4349648551994,0
134.408618971649,88.7068767526006,70.5534006124398,-0.130855130961168,-0.0605260432025315,0
223.893159149175,6.08400112360613,204.871752081115,-9.01894136063437,19.3848925142969,0
120.63010100531,207.081917751847,148.898939588187,-25.3457092665131,34.2873111292814,0
83.4959976549674,-3.67875096729869,276.167774412959,-9.8554010711752,-6.51130958523339,0
40.20303758624,105.270527766677,173.044169696516,24.8849556241429,-19.118586078917,0
7.51518843235772,93.9747454969057,26.2744116368685,-31.187558459662,-29.7687209663046,0
94.8800110402877,235.740653185416,263.891043974965,-9.99452894026444,15.2241656439788,0
79.7890542521109,25.8848851802791,96.4643607839299,-34.4361438335556,24.7211289548302,0
123.049819883633,3.55820907805329,65.0232196057972,3.65146668918386,-2.17270461747014,0
28.7879227065177,102.519764266696,184.418761525532,-47.6407172233457,9.31298437655372,0
208.900320161814,-46.7155190772053,259.583557373521,-8.64414120514218,43.9626582580842,0
222.609233741901,47.781342348235,166.14362346344,38.3537404993924,-1.15711965242742,0
170.964889008613,-65.2304341464496,90.976942227256,-10.2272854227994,-3.18450493108137,0
100.403799793486,-13.9876692111353,90.9869445578483,6.08840413364123,-7.93123044684215,0
170.296809858546,-75.968758769858,273.246930226702,14.1656829166582,8.50042494493709,0
34.8606765637016,164.097584934399,126.542864808059,21.1907144339059,4.27810711207318,0
42.7571539122095,86.2480264342896,132.178180164345,-0.371338239414468,-0.391368114187202,0
134.608923158541,44.9597408679967,51.5249944213069,16.9783316396555,-10.7438444564595,0
12.6967708569995,104.098829934184,287.936998563196,11.7078031115296,18.9415920310506,0
201.79210427352,-84.9352473519491,89.5644761774117,15.1969090723754,27.6685279268804,0
62.7531958314639,159.661884456217,29.2359453541776,26.0891212801879,-17.4813167779623,0
59.0177379308482,-10.1105595464858,203.506755613024,3.61872007003605,-6.51642184137076,0
166.096197503018,182.726349075864,149.00401926851,-30.2569246284899,-34.4706518656765,0
212.500337997502,20.680442648616,229.790521945393,4.26755802213382,-1.72575118097566,0
76.5408472247533,99.4371658829284,75.4655678277492,-1.5921365120367,-4.10431175155113,0
123.748711472188,124.069763103269,239.562544666629,24.1429323691043,-9.66524684589928,0
12.1158545836995,81.3245768911347,238.320986617311,-31.1197022222816,30.311488477118,0
186.342403567077,76.4361040332086,147.865531093197,-19.1518444706858,-6.17037224061629,0
136.926554801342,82.3422203871226,165.46218014733,1.44054528707143,-20.7358467025141,0
108.744754819145,237.29774684879,202.187485803265,-16.5378032535488,13.8681636663489,0
68.2902167087962,163.973254496645,171.52703691985,2.13668895377711,-3.61304443802326,0
21.78157855818,169.566569426054,265.884273160571,6.36617798885967,9.53634897528152,0
152.20256133145,150.601269026353,186.43729374614,-0.856002148933668,-5.27550194836276,0
130.81740785147,14.0948050988472,154.503920842337,-14.176632023147,16.8767547581127,0
44.3948596306825,131.287635071504,78.5601796309385,-14.1179866535536,13.1699736865811,0
135.323130521472,-22.6818303252132,87.6076818995522,10.757518523546,33.9021236232556,0
188.989009782733,24.3182617936998,278.929401578392,7.55019960117849,4.39163488706324,0
187.580861620314,-25.7689017599264,273.842266386971,0.145463496713923,-43.1257937609399,0
138.618925199436,47.8558763639201,188.596420352369,3.82145501298974,4.37287542289209,0
109.26132052621,99.5637625775858,220.584339619263,12.6558118875803,-15.8241033712139,0
130.729897254318,-37.2637688017765,106.58586513504,-32.2272152531567,34.5749189319566,0
152.263449381007,58.1437913832687,164.661028281807,20.5709037238035,5.14188845578132,0
84.3886669337333,2.2066529672239,245.279021261678,-19.1637739327915,-17.5695247679471,0
7.32573964583624,48.7991461894599,225.84098728525,-0.833200129000808,-23.0039649758973,0
155.875037856588,128.142058110673,90.2529844371684,-18.7825605674878,10.6614394620995,0
15.1018921222688,194.959829715393,175.371572653216,43.2031391825893,6.28075318841765,0
208.239006962271,-8.03130622631528,159.446879578046,28.2277876978179,-9.09752890722552,0
141.973646879652,178.461455052623,133.766684308863,9.3900593720083,-10.458648358769,0
4.40398116304745,174.929487685625,35.3781882158768,-29.1660399593518,11.6353309918242,0
90.6693951622039,2.2547732076595,117.223130989769,-5.00457747551621,2.07892694480778,0
231.313396514271,-56.0188230967325,223.337562109979,5.79901369751367,-14.2875744339202,0
62.5608259039049,70.5901187336072,160.897832575799,-4.60834334482176,10.0401840546786,0
143.200203540599,210.747903054504,273.523154152987,28.6787157298478,6.4112312330747,0
115.065594631314,-56.9566603301976,229.620421601052,10.1602210227732,-20.4301008229325,0
180.915025755869,94.5425288160667,273.798615468525,-4.56878422134781,-12.4705364061651,0
161.838160993881,156.94148701984,261.346634052708,15.3037642409128,6.76519156756833,0
33.29394371519,137.425789158911,32.8853919276292,-17.9809669610671,-2.97896491106659,0
199.074563510585,-34.5605826400841,294.137178651319,2.90232093429994,-0.111846687557105,0
210.932620581943,122.059967014893,154.549302999033,14.7723017745855,-13.0610866057859,0
43.5535506832022,55.4195560055805,36.668562812704,0.459530878106729,0.371575916346539,0
65.0057638713134,41.5696930494711,51.6007570897384,6.24433102702785,-14.1383542063284,0
97.3673832199154,242.278019720888,223.670887900882,-1.37746445648998,47.758010509936,0
73.0917860859411,84.536250685318,167.613609190398,9.51363488410409,14.0545223744999,0
180.447771510583,72.4919132324957,251.961293735563,8.76845466522756,-2.90311761936144,0
80.9172996009031,-20.2041711091345,72.6818686077265,-22.2881604752412,7.2973922065082,0
62.4260985218246,169.35504839534,245.925207690671,23.0103396199613,32.2536986823607,0
67.5474099570853,21.831452973037,169.890853389781,-2.916223287991,-7.12411778712285,0
122.702334402487,140.276249331142,197.692673777279,-24.7403041168531,-1.08433076372866,0
144.833784704767,57.9239283161072,29.2589595499052,-6.52049399146837,-37.800098240631,0
175.126128998118,-19.1045530374991,159.664100454407,0.411777274636334,27.6380412975522,0
17.0103202103695,167.337284515149,278.091310955055,-11.6549538979732,7.90641133492069,0
34.5758618816327,56.5177811124515,99.0078422596029,27.3954509254468,-16.7402037212136,0
152.353781221424,109.656858418744,284.252670676157,2.24308951876511,24.3588257932914,0
6.62122673403068,186.462242959779,107.900110895818,-13.2609171039675,-4.26380947957388,0
155.496842955863,185.055743374359,173.259777886786,-23.3412133530966,27.7378475223752,0
155.091420592305,184.721713054222,73.9864249600929,2.42809409092505,-11.6515885450988,0
0.198929215874457,103.285173527059,72.0582932480188,-30.7411201381515,25.9287907228846,0
41.4376597484927,31.6173275084853,267.513287624248,16.2489982605358,-7.75814780875282,0
234.309997069666,-29.3842472153479,126.452050167571,-6.46978011760088,-6.88095012592476,0
7.53361474919953,195.798551460027,68.011361862305,35.4646259792373,23.3176723523267,0
117.447463317383,46.004361713543,157.55606678376,2.31525697756382,1.15897747920566,0
75.9597050589845,65.4300464780182,87.2016119319858,-28.7992270898384,18.5804221720603,0
137.228207121306,114.978314771625,94.246683679886,22.5615724057425,18.1860335504525,0
111.814782634872,108.170435304961,97.9522501977581,11.8239034932647,15.7901733753275,0
129.509698454624,109.012178291118,54.6364791920293,-10.8629027663355,-1.59245722021999,0
110.699156852731,97.3294915568585,31.1909630035637,-16.462494326522,-18.7286784030838,0
186.628775049936,24.6571897805036,69.4083046857313,-13.5868358746713,-37.7402580629342,0
114.139810886565,43.2352379447978,50.913068194127,-14.1341082522084,0.322993643463964,0
199.848080579794,99.6880990137109,216.386061157942,-18.0198985509838,14.0442616048913,0
165.861536793613,175.538993122569,34.2410549182681,10.3120392098347,-9.34048034872827,0
74.9190591171969,10.9989169541778,170.987677190885,-25.9121930214283,1.23855746346391,0
220.922207901363,75.7002005880818,250.494836265034,27.1848981427937,-16.995301028395,0
16.0536376590092,244.142429710754,171.11682430556,-0.702483663309845,-1.76888367835976,0
157.139395230875,-49.0171801669738,193.013631155205,9.69707048782296,-10.9161546472359,0
145.993268552643,-29.8650816546455,102.276458196815,-35.1481501001763,-32.5643309961731,0
160.139033501007,105.020243443062,150.79170056411,2.60582076338093,30.7552223929968,0
20.3992152220863,229.622073977374,91.1944347570441,11.0971625716929,-17.0758373864856,0
236.573888287699,19.3989871492961,209.747245488909,4.54866256126585,-4.50136247507174,0
223.407075362372,-89.5413515682912,95.0672930641765,-5.88448997921593,-3.45793188965059,0
87.5734653033331,104.885131183838,257.207843044981,5.24606531320846,-9.10894820931649,0
75.1675906687424,151.838843036984,210.716318080425,17.3537680027965,-8.44635176809644,0
17.5077463222692,15.9087505874868,131.362078493271,-35.0633190386779,-23.4673313676938,0
169.997825787167,80.3937759546762,236.793925367368,3.15473978190227,6.27821750548022,0
71.4274861089722,147.549194599804,154.623217270418,42.0575507535056,14.8669777818404,0
53.9349004194875,-8.44122557253744,223.483459182553,-19.3369168654795,8.80024256659781,0
194.529775043449,-40.1912017982625,118.809266938505,-11.5858711219893,40.6026714883887,0
223.307030029637,-27.381346814428,228.067380993659,0.71719542239949,4.73884489466811,0
24.4805732399983,140.136248202794,98.991936338655,-21.5221635842807,5.55850402050578,0
250.488840771478,-32.3575138221016,104.061997593186,-31.0269574646809,8.67470161594559,0
67.578749362954,55.0081927996515,212.92489190603,26.2539641397268,-21.4467122521096,0
199.130659548998,76.7880631572464,202.221764893618,-29.8790793254709,39.2651931341482,0
144.673719126446,181.762622235283,199.841345391373,3.62087242335964,-1.46588570952862,0
135.090038113176,-37.9020186630001,192.00858368855,-41.1580165788091,18.1990034030752,0
175.465310450602,81.9963387940689,207.034806774054,4.72065955112572,-8.28017044237337,0
247.797795760042,52.7893169442106,207.052639548762,30.5352887716292,-5.67509992882985,0
60.532236055268,176.11283569244,254.052125245684,7.33682884352928,2.27540221225247,0
105.836230272673,100.840344344077,185.118520244987,-12.8465604486134,21.0075818235971,0
57.1107980522424,204.450405166804,97.8142322807983,-17.6552725302526,41.2881448953975,0
156.737530532682,-44.0399759226951,283.453104344853,-1.51408203315025,-38.2208184152301,0
205.666400678849,107.225562310722,200.81216428603,-0.751875272777289,-14.668600060476,0
143.451799216646,157.526475590837,174.568631849901,-34.6075355797366,-31.8920843204053,0
206.278267776351,132.425430431013,298.268771633234,-17.275123444323,-15.6257784130309,0
128.88287373319,-40.1529271441572,55.1668027438784,-12.7876931609791,24.6905694232494,0
69.014298858898,23.1583131425164,148.302550818286,2.20934071338322,-17.5061834063607,0
82.9882254437207,153.615220082136,197.671504393896,-6.65100725806873,13.6457133136194,0
123.089711248564,-29.1767962096559,216.473242697824,-14.6186004723588,26.2265993062484,0
74.1155705659846,48.2205118621805,170.844660058037,-14.7676606400301,9.02627121773056,0
122.002176774569,202.652569278315,168.014428532356,-27.9318996453378,-31.7953373091426,0
166.503550488811,-35.3924231215333,186.175318488652,3.26029314226702,-13.2433563287171,0
134.31651744272,-61.680761068938,232.606648488574,40.3182039946048,1.29820532683918,0
130.846486938186,55.7791180253153,214.143923408029,22.0345898278984,10.9149834697773,0
90.7604623593184,147.303165860336,133.54455570166,-28.2562116727888,-2.22416770341096,0
138.630232368047,194.249790015106,146.633988680427,10.2310117683794,0.420159410711095,0
39.8136350899835,6.80757595366079,141.685111629113,-0.0397688226686759,-1.54225149349919,0
149.153333390589,-16.6077820458154,250.97332586436,8.94849271389979,-29.0352152202015,0
44.0820029833004,184.074879134152,132.57532375182,-34.9743531778904,-22.9761504799397,0
241.295146356911,76.6127793536317,247.34137636902,6.42179284790669,-5.9741379951575,0
241.968645103549,66.1382368276947,84.4052018893834,36.3414437207399,33.1447817548607,0
218.292427775308,91.0335845367344,254.212663786968,29.9933028446987,35.8073203213848,0
249.33120399857,-43.6478913017745,262.04463164307,29.2951459848452,-3.17658451608721,0
216.974358498023,-43.8668329159913,79.9622762857993,19.639737466578,-35.6951713422157,0
92.5092579661754,159.232346856587,252.035549341193,-4.28209016823797,44.4693504487616,0
253.93626162254,36.6964239204096,171.86763502695,5.50954482391581,-14.0899209439937,0
82.9724497308558,-24.7277674529874,62.4804509580321,9.96226010939958,24.8268167355286,0
207.141457049484,116.819414074741,77.1703616548346,-0.926252708963587,0.0702876326537737,0
198.44986358853,-43.2219511075759,40.1178903992017,18.5698217452726,14.4730974687217,0
184.752150005176,154.668170981407,249.234233156291,15.3267471319543,4.48520741361337,0
185.93219069407,96.9667962512983,245.370591518537,-6.90900801368158,-16.9400731265545,0
119.606275765544,68.4196616940876,272.734434346301,29.8983822713864,-37.680897574729,0
69.7218195571229,207.430235995526,228.126080298736,-19.092717945353,-0.480266479344903,0
220.975041382748,-1.51131447178186,208.264459762854,42.4617205920103,13.0536182870696,0
58.8597150428895,59.0968279912022,206.759753435519,8.04806342544333,24.0116241320894,0
55.9335701609997,240.1751243131,295.133386292992,10.3377242259734,-21.4003052858731,0
194.566945364878,161.955119964468,280.286092136402,-12.2057275805476,13.7346913302318,0
194.198096153663,-103.092013577659,58.2363820521035,9.17422029762015,12.3174102987993,0
106.497334222014,78.1584382649494,198.217930892716,25.9256433767643,-34.8360444449116,0
37.2877485946018,35.7147278438417,124.663152125089,-28.5356888938201,-34.4934165443658,0
56.3281861763117,30.9006531040775,77.9403589170706,3.7989835253638,-46.8913237747537,0
100.837085111901,-9.42662337728894,65.2916004190947,30.1063066373267,-39.0336881978884,0
113.871717595553,-52.8133171768563,199.679427136468,-5.15236402450437,0.320136517058413,0
126.106604424348,87.0978127007998,216.169835847191,-45.477888113403,6.32359080283779,0
168.485247597904,114.916154066441,147.425370456412,-18.5875201248209,16.0756086370849,0
89.0182172530714,49.0249609579054,259.574492718724,-20.851661489644,42.4957144391763,0
269.621571511105,11.4669960187109,82.3268736566113,7.55239671704425,24.1340634521867,0
148.431765631287,158.270786459248,139.682961701794,40.718072024957,4.48616734685064,0
14.2585790971268,130.235629596837,47.5695819518746,29.5437161717739,25.5096697500589,0
91.467890045825,-21.0414821810392,70.7766212410157,31.094014497621,-38.0080310277622,0
177.170345740845,142.67873790914,39.3214198286141,32.9039188204699,12.8536650408294,0
149.922862285065,234.783412421479,227.906454794337,45.0470610403859,-6.81675937104664,0
20.9452499141788,69.6060693984424,281.961407714334,12.395725099166,-1.51424075434388,0
204.46359689641,-31.2424245721581,134.612111602357,0.400766201669474,0.30455773785377,0
94.7151229874424,-46.79725483193,283.263969169126,40.7167282299423,21.6234404859366,0
157.737675314611,15.0885553276344,116.557477504948,-0.288302277064688,0.0861861409901501,0
132.563356568833,146.114015119274,31.937749910585,13.6366174606422,3.79799160199723,0
156.115093302143,67.9559453165676,39.9158582213106,-14.7612776808447,-22.1172447009027,0
78.8395278250625,92.4299194060756,115.977973680909,-1.86595744150364,1.3763798235613,0
122.186682520159,173.403929793643,299.860195526869,-34.7343440525638,23.136389818649,0
145.774882723504,52.3175780040531,152.830983946913,-11.5048477901732,10.1865644774842,0
93.7652809085527,234.245943338342,52.5609235537602,7.68207939954192,6.77858050227138,0
118.634475620147,27.7297797484351,40.5937894937801,6.7449182373672,39.4570957385652,0
205.18179982075,37.2947962512779,73.3089831608067,43.0695998408783,-3.59288898550559,0
26.0403471696097,129.360438898635,210.732573767468,3.03626903040382,-6.31486227950932,0
36.1561610931425,194.246618178215,53.6031830643291,-19.8331876889128,15.3092283233044,0
130.784389875363,212.189261839689,179.51189195245,-16.6266063956339,32.5082632032852,0
92.553151064585,82.3615344339212,107.482672274692,-31.8922584891129,20.393606772575,0
105.396770439912,-8.27235455559013,271.108960746224,9.73836007963737,-0.00670333376067872,0
77.1552119237761,-1.21422344906027,39.7824578573963,8.5556053836209,-17.4564183311471,0
168.759590717522,-91.2708713823304,271.727621517732,-21.2151419880043,-27.3535144591089,0
121.189783441596,-41.2458361940738,109.525897386678,-46.8567052154652,7.70889843770917,0
185.616263578568,-59.5936931683506,298.73217510515,-6.51174360921871,1.10467757563061,0
165.539008123004,16.4693526697444,42.062435862899,-35.3004248154302,27.5475522180389,0
143.52663670314,-65.2209236416131,163.992739175868,-0.946364696665413,0.295616135629069,0
175.839414617838,180.368116614418,49.7202039634252,-12.7768092720014,26.7866085768093,0
36.9238058730287,73.3155360118875,273.912054661482,9.04339611340322,40.7223793567813,0
201.795344158207,-61.3158630099438,252.09743591029,-27.3140995324226,-34.3374648025429,0
167.142185998361,15.4369543586245,230.236192618512,-2.50017473909683,-10.9976557159952,0
26.7730124728122,-12.024585858995,208.676933432747,-9.25663811215089,12.6534995597962,0
187.791111389449,122.570376256581,225.670098261388,-40.8518283435231,28.1099888936975,0
107.316954472037,217.763315840383,104.193668293897,28.2763369937671,6.2160368102851,0
192.359652239353,143.905396201458,134.043217959938,-14.5465236734713,38.5433944128048,0
31.830896372532,64.1821597015208,117.835562614312,-3.32215128078764,-0.370458054909738,0
116.085136461219,192.820469257526,53.8236415427124,-3.98486920422694,2.77179648346827,0
83.5768844435684,60.599252211745,158.438087360864,0.435071955250458,32.6480558489868,0
111.340101439203,248.615543380158,226.943798016392,23.3902803358873,34.2344227047111,0
60.955299701691,-23.7088298806152,49.3450514105481,-1.51254477685165,-10.9389136535724,0
57.5588461602846,87.7148345767517,55.3472071766459,9.50441739245475,1.61262576891478,0
67.6272929835066,72.2330966827237,115.423909058121,-38.8888952476816,-28.5912753228466,0
117.076922349597,201.933973044312,185.376076150091,-2.83224391681052,5.42404616114714,0
248.207783225997,-7.89031125397131,227.113323966414,15.2297949410601,-35.9459705279974,0
169.329327882158,43.1736425639903,213.382829981943,-30.1323496868911,-32.490941534586,0
95.3126758775184,201.851339932117,126.104552570416,-11.1435359667493,-23.9345551271876,0
123.438235009167,-43.9544130881218,237.281827202255,-12.1993475490284,17.2587816496844,0
125.466583025621,37.3855586994713,176.739096288238,-1.51312370362277,-48.1148679855277,0
94.1453219054438,101.074705203191,158.2321024095,-0.185759993332558,-2.94417845075238,0
49.6084987706411,100.959351272738,52.6667386496659,5.25632481501727,-8.36153636976242,0
156.487676872675,-4.13942027491167,170.98987068268,41.2072763248109,0.336925881393572,0
82.7413274246651,27.906397372085,53.832717956833,-10.3806594640888,10.7527838030685,0
42.2049101097979,87.0387408511833,105.181837424406,7.44872294588681,42.3148791619945,0
16.6951409625036,223.641958266965,143.933373341849,31.5469470422906,24.5091440041574,0
116.756057438179,210.390207161964,143.976639690453,0.977105572701718,-0.48147664836584,0
223.709614572543,-67.6671633667262,281.783958305966,3.80551582157166,-17.7713306040883,0
124.915187584654,4.23435699540538,244.403321558189,-21.095094355465,36.7164016386059,0
93.7797730335828,178.434868012383,133.901854934916,28.4495067292392,34.3374607082941,0
136.086501228843,-65.0027975828701,210.15610137988,-27.993716325503,15.8562577669333,0
172.562296248426,77.5840974972207,192.710721554809,-13.1961074560473,8.45048236897938,0
69.6908952494959,9.66715353729106,237.498585987307,-4.55099090871386,-12.0156901308529,0
232.74141470123,-62.1893584148001,60.7916488570915,-3.64360705851434,16.2161151758098,0
76.6820274365861,-42.6133182797913,141.355080920146,5.71871584283067,26.9396945319832,0
128.151802827243,195.469213288488,171.082555735171,-33.1616459427542,-2.7089213126006,0
66.3746102202175,68.283033330894,59.7874629655583,31.4708674337542,28.4421828481336,0
100.517450389736,-32.9876369762686,64.0574933187803,19.397843529961,-26.7703582356124,0
117.660522542566,-13.3019914287624,112.306938166095,29.4611148080289,-21.0805040121392,0
162.011023814074,-11.0232220746229,94.0365076543274,9.92419588089208,-9.4402643130008,0
158.844006334691,221.762896112138,177.827934247831,2.72598709638432,11.1009687820199,0
123.581889130796,-9.84829893948105,46.2703722309861,-0.575674498187721,-48.6278017658002,0
159.1314178403,-28.2183335945216,196.186746301971,-13.6822686805469,12.5184626511115,0
169.626806432661,-65.5237088812279,213.126418414552,-19.1323581490563,-20.1208850495202,0
6.58166604269873,183.000116748913,135.600595936183,-24.7410794053822,-35.5029131176798,0
222.879791806804,-45.2466647476612,129.86993122223,-31.6898390495572,27.2974222877692,0
56.2259044291825,101.323633267699,264.555558526732,-4.55067636734562,37.7396426217773,0
104.63825229596,135.211802604672,105.890874286159,-25.3898356308107,35.9714564907885,0
72.2976152346918,197.464334719252,189.309802764959,1.88511029240696,-8.8921165339786,0
166.272853834389,17.2031674371788,149.462948931564,-34.5011980377081,7.42373859368571,0
182.747972543152,42.7042109524643,178.537779964057,-27.5130317728096,-7.92348947683642,0
232.356267745475,88.8219866618323,143.072841858456,-15.5375173313237,-23.5315894463968,0
90.8367151667092,-46.419332226705,104.80094791095,24.1906666907115,34.0200223170233,0
107.906925898613,121.721583616246,288.157379119438,46.5528091599861,8.5929105823713,0
121.860538430261,220.925714205839,228.678217869119,-28.5676185338731,13.8234035246485,0
237.697222072289,-73.9868844890355,212.429118379337,-36.6404568641072,25.1332493752996,0
195.865063839311,-15.553937873284,52.0926528642298,-21.7710715606309,22.4114989300586,0
258.75106471656,-40.9767332604696,69.9817251908731,-4.08584750046266,1.35337876264936,0
51.6846324674438,229.842627612093,167.053507296599,-37.0539354023943,-22.266258195194,0
237.072291383205,-48.5309616381427,287.200694218718,-12.1247038743717,7.21198441149338,0
131.965868640143,166.308998406107,35.0548299633245,-28.6840625703581,25.2463712145251,0
130.489930964586,224.51287756238,58.0514299464472,19.4865298870711,-29.7184736712449,0
206.541278575888,33.0826839064582,175.273595973344,-2.6436715247059,-29.1106717865894,0
171.527958329236,61.7917649044251,74.7028840700684,29.0870971291011,-32.1386893281752,0
129.358947217927,-67.4425025386344,279.010793470612,14.698151889726,-12.6565097861795,0
32.8312112981317,231.07813032692,69.9659013450695,34.8474723455831,-26.5247216531732,0
191.468820961281,3.0534537360176,231.785258313549,-16.6657613527234,21.632700491867,0
127.720698332074,-52.375694678216,236.015615463558,14.0476676574062,13.6163146943033,0
132.847146863356,195.665916849726,201.566727819309,-27.2709897083921,31.4916826842108,0
178.808612358964,54.2970651294208,249.438528290714,-21.0121977072005,22.5312050697647,0
61.5977872671383,150.525860154039,241.995216608214,-11.7915564621599,19.5700385311716,0
215.322389814921,63.6565414555278,64.1014688048886,4.26750101956438,-6.79009365392143,0
42.8589359259257,16.0528425462383,75.6275795925656,9.14113439567059,-13.8437876049388,0
238.156554084683,61.3410795114544,256.429024053757,-26.3312710291424,25.0931081107629,0
193.522005208091,154.061809348333,73.6351408469583,28.6055547090474,-29.1065173629882,0
282.311655949933,9.06260435987284,279.25974619089,-8.52359640866927,0.580142192973194,0
132.008655036709,34.9463691984226,49.0625961335611,16.5095225286842,-43.0119792474149,0
228.526861379936,-33.4442717825006,37.3890545552329,21.5314469536626,35.9029585740418,0
240.394144900959,49.7504944289781,206.669626738299,-13.6667879004459,-4.96130030898602,0
125.846403548709,127.089467711477,30.9536990233343,-36.1979022829497,32.9441600140911,0
182.390741343149,121.208590650708,100.644182851032,13.7925119384522,23.012410389035,0
131.295145820959,58.9971580305703,87.6210271573006,-8.58890177537221,2.57028772345878,0
199.09752739643,-70.7025964178889,245.575146152846,2.8488620002119,-22.3895432749666,0
23.9292968398776,30.6950032167072,240.527532022885,-1.4833720659644,2.05610212575699,0
50.1709089939727,204.925215337073,272.226347199189,-23.870046910156,30.6090399116199,0
222.119589605436,-53.1446775656215,84.8954382708343,-25.4540223806253,-9.95598445659248,0
111.6744926454,-52.0310549889378,54.4089561013069,-20.7887435263113,3.49413366676797,0
28.566436887257,224.842720823631,122.475326016015,-36.4135047205988,22.3358134171599,0
6.06241405567272,184.884661273212,285.034276984697,5.75818991324868,4.81868838935183,0
5.81710304493719,237.388327110439,235.878631484563,7.81742430569981,-21.8133729584086,0
108.817980636772,127.345667860191,92.1454538673268,-21.3627941663849,16.1121423298413,0
97.4279593426895,123.017872580718,170.157878365169,17.2404292402601,9.46279030598745,0
136.944428666943,124.682327968772,231.393015379027,32.4875251259762,30.8598535475426,0
177.914164730553,130.285511512446,185.481920158371,16.7855070384902,2.66330796231526,0
193.958138567787,-70.9358899278682,222.88178708636,23.7650466928116,28.5865234637854,0
39.9963867084683,165.139393115725,150.041087872775,43.3065792499151,17.9428873172124,0
185.189523592682,-12.5345297711314,59.5550115247222,-24.1205643122377,1.22922772454537,0
87.0736040075236,134.763015261516,240.289820069259,-4.15882982370059,24.5749061394333,0
210.658912958412,-115.924358844125,256.88366795289,-36.1774391057246,17.9938056313593,0
127.952072101304,245.945658756846,36.7314603821384,11.9634253462523,-5.02411130779747,0
103.037562780832,144.564076025262,225.616087513778,17.2935704600785,-37.3641274544431,0
136.601629831812,5.45441252585512,210.083570376133,-42.8390953598128,14.8387674090198,0
141.430122200226,140.671734942267,90.0223564762504,-32.8053658979346,13.2992582834129,0
42.4337633404139,113.840628088699,235.903458682198,28.5775091741919,29.1066174965036,0
79.654447641972,43.7391034741668,78.1424658789394,12.0727372964041,-11.0295076777112,0
98.8420353756256,191.498080999611,110.783515811474,0.972642928846656,-1.65794016871633,0
120.014375798611,22.6220293342055,82.7900501869768,29.0315876158667,-16.3729509215062,0
40.1764923087194,202.233922590165,197.954083129387,-2.81753387777755,-14.3877412386568,0
88.0108670995942,26.7440586561499,40.0195691865058,3.73650145135706,3.15776055770021,0
189.760699992053,75.9239938279994,299.329096115852,-18.7617582314253,8.87758670253731,0
102.491972896351,30.9453021055267,280.022961874484,0.804272076565411,-39.1349293194155,0
156.104040490376,228.23090919196,195.042780496034,-42.1054216070247,15.6456116401637,0
22.5939188311569,167.621117460271,59.3128611816355,16.5829847396157,-9.5465322278502,0
166.451603345045,182.142738539511,254.116796059056,10.4590462922634,42.7035225388747,0
91.1496120548706,157.740083387656,254.685640381486,-1.5346867728948,0.21158366295198,0
132.160952451623,96.9803197935965,294.26051141932,5.7128236498351,23.3562752935174,0
210.924667527291,35.8677531127916,195.354677673889,-26.0246037556144,-34.7201080139785,0
84.6242413249574,151.300315147366,138.822705889802,39.0437131895071,-26.5777464706412,0
120.856101333536,162.550181387788,292.501818396941,4.8734561254669,48.1271532844707,0
55.0680542372385,155.821766056527,228.24486250022,25.3421952342186,-6.82494695111827,0
234.480548907322,15.4927415710975,88.3553435123025,1.7612365159592,-4.02048506402572,0
172.288606199455,171.980663948624,187.4173795529,-20.5461336397579,-29.4149823303499,0
213.824974409222,-96.5162033630224,120.915822340266,-47.3156297824485,11.5148124335677,0
193.902216083123,-3.69399887645945,221.637378656449,7.67906602470339,0.43062489704736,0
266.530071815456,17.6137773321154,226.038978174029,17.9124979680088,22.9674844734432,0
35.9303927411176,100.941804624061,63.115471829149,7.66172377993147,-36.6743976931934,0
214.879427045331,53.3317974113779,246.858874781804,10.4919711002848,-30.7122579793523,0
179.634167304674,98.5560656924244,266.188398930887,-15.2577664142172,6.5195777355557,0
156.797488437468,69.5918963046833,289.970828881942,32.2105870311595,24.5033825541917,0
3.36068734778397,59.2749717286226,77.0318818586534,23.9826478770681,13.9670596332792,0
179.630008167853,152.729887390418,210.655914511407,19.7863629004327,5.01076872518801,0
123.85504997662,121.429392494201,248.066493402578,-4.80772145614904,-3.8942779738073,0
37.6594010477247,-13.6586711373552,293.070458475845,-25.2019814175585,-36.7243412635871,0
232.798962144976,-9.15264581972892,135.960064359262,5.04598531332744,-8.27191095598939,0
100.763184306015,3.89322610732891,95.9076967809663,-7.7821823348092,17.0036534276985,0
162.776124246059,-33.8038943119076,120.702106421931,-19.0517620778942,-34.9852156395848,0
24.1910234546905,97.7394439817337,50.9265572676402,0.269753012541342,2.37003044724764,0
88.7182696076945,143.736543374367,243.537593266796,-4.49622157308036,19.1749508399478,0
130.174608123173,168.71098438958,270.74899138174,-4.48065716979903,-11.0286930603955,0
67.1457486795693,7.57831957436223,37.7026779911756,23.1102883290807,-28.2116444082153,0
70.593122953114,106.331280884522,223.482150212307,-34.5298411188922,17.2821603478605,0
6.78549287937238,212.742159643618,221.811468459821,18.208978316685,-9.93514984143122,0
215.989469155873,8.64099535993118,230.980078601535,-31.4394098347561,-2.04776768751021,0
138.130154262331,151.362836495088,109.630035058509,20.2142471461107,0.448751282989347,0
95.7416999463493,48.927632593746,124.676302225155,24.6980833138127,28.5178463874851,0
113.805982758598,229.617763514851,208.840858919725,-38.5565100266478,17.6108988240903,0
93.6325193352735,-48.562052689032,178.95619411494,-15.1537358601455,18.4292917578254,0
20.0381394291344,157.056437225633,294.748499912886,-37.4561050008174,30.0785047849093,0
62.6176147186736,141.294255845023,271.430621643966,-2.77411409177719,-4.74899056577819,0
53.6738053756769,216.594099684132,284.526173828843,26.853248422803,-9.79011785585987,0
115.235427696431,180.233099499729,183.608531910953,-47.2713249585455,0.770878807179141,0
42.5425695959706,18.5719958297512,202.73303827143,22.2645683446842,-4.59627108399077,0
201.606341216427,52.8058952267044,282.71203324393,-8.78749258101077,-19.6771125240102,0
81.7260177951836,249.897165635289,127.446915972373,-7.70365427885598,20.289257505759,0
58.6441275407129,214.459586495598,281.712942339454,-5.56238877530092,-5.93532637063891,0
235.053370700551,-21.3370363239758,204.808912817212,-14.0297285058679,1.49813063941155,0
73.3502308120607,24.9807841124247,208.406171632062,27.6604711014852,22.1425886215447,0
235.909245245255,86.0770711626527,292.241148072056,-16.07914786596,-0.63010270067889,0
194.662086919898,-1.35064894870088,240.716350581649,11.4217836371394,37.3721264357521,0
218.404173306394,-46.9605399372839,272.421208247328,-25.6384082615139,-10.2023356299555,0
192.899518271435,-17.9603518430047,272.404022389997,10.424492205584,17.5549734625249,0
61.4196428805655,244.492172504955,103.361309956826,4.54489507680835,-5.11893963112949,0
153.15510574507,180.681153200616,58.7741233223696,-12.7893040750034,-12.1521454290174,0
183.978491118905,9.75278047594249,222.084178675764,7.05239519082978,-1.49589482618339,0
33.146041132629,150.055673311537,252.309195386229,-18.8824719335075,-37.4995129231413,0
156.52465844838,89.4552441100274,216.071427984936,-6.26045026762081,-46.698909333798,0
149.667442785322,69.0640100221167,221.293785389112,37.968073396052,-18.4570810059595,0
149.828275670031,226.388843032097,30.1185130497562,21.9210603018463,7.22680751093688,0
218.888761420472,91.209003856539,145.400549270724,18.5709828856479,-17.9067979413687,0
37.3756080150328,91.411882256328,114.33524562339,-33.5395811249537,12.1115614215946,0
140.552525513026,27.6404973085443,128.315338502637,-12.6108827037215,-29.9655495958612,0
169.471503298533,129.713372453711,133.8511128716,-30.8363781751797,4.35017575370066,0
154.73163939058,96.1025133166738,205.820899076376,1.69269068184266,3.99187255240847,0
82.4302584939302,-15.0279798213912,114.160478080863,4.41770858801419,36.7092553920406,0
139.222523803713,-75.901165775711,173.473900808647,-34.1857019815881,5.53266584109255,0
87.0642528045786,-19.171339787094,198.563831929113,-17.3420350780497,7.45751617601965,0
154.345015643289,61.1101871916237,160.24671974103,20.4866493611784,4.67781347647796,0
17.9237912689039,74.8230893461024,42.7742375389888,-2.47572125740453,-8.36184056081752,0
67.71624611831,178.222491068323,133.497038164084,-2.2204881425045,-5.91656336133874,0
83.8324837702723,209.988146031339,268.714635742217,-3.92986065919059,27.0956047569266,0
83.4433836280055,210.01111271789,171.269521610555,1.03157593424482,-28.4203233631648,0
118.114127134477,53.7461100945592,142.675502950547,-9.05609323986999,-21.9786564119891,0
239.949776221416,49.3743107238707,167.17236564446,20.4414589505477,20.8980004786191,0
211.269176977458,-41.9112657123301,179.565412529488,-7.05203542613629,-28.1911556634884,0
224.378644645177,86.9166147497973,254.974365685986,-19.4341862601431,-16.8623526263385,0
240.351892341973,56.3905136330015,149.908402259685,-18.2720882183594,33.6839462922515,0
81.2788359412927,159.977839227947,226.924554063633,-11.7951502633797,-6.65847610672846,0
113.296786909239,151.724504169746,284.933708971327,-8.99701927773061,-44.8651296897274,0
147.838783349613,208.55793117745,55.0669158691951,22.0067347178982,9.992801186214,0
136.233657313459,118.044957726733,151.329513190739,-14.7389536631593,29.7360022773247,0
64.7042982499643,-2.89010084469541,254.401991790647,24.4432065159188,-33.1996239272753,0
10.1671464197716,34.6461184702728,46.4689895839194,23.5226353478339,28.9589684948322,0
204.435285836883,118.151441287252,84.9482946562922,1.60668938064275,-23.1549382170385,0
210.480611932847,-57.7282927518953,209.57071407188,12.4879926705173,19.3883368177068,0
205.326350429841,-88.3546951934633,40.4943300994231,-37.7041646254617,16.3089228312496,0
99.8615589031584,-52.3073175598172,144.673275066662,35.0978013084906,-30.6805775891297,0
80.424346820185,50.3320535703625,64.3679060729834,20.4991289989135,-17.4131468103971,0
188.004507263445,-106.153283583439,235.837549620909,31.5798656236854,-19.8869448044421,0
204.962801873677,9.20190186829408,52.7063907783398,38.1264944066771,32.056477098421,0
156.958625041256,132.983931088007,234.793951375454,-11.8062524682925,-15.389258345352,0
54.1197520980832,63.1237397924691,167.169229044209,-3.73692065628979,0.114486090989557,0
15.3212440320555,118.402960021125,187.382873714207,7.19914484494876,0.0575295125363923,0
23.2525363489409,190.207455909097,205.376300570714,6.65154219025904,-38.988556925546,0
63.9384146201498,183.232152130098,171.471463180445,-12.3945461895955,-14.2662350992725,0
133.425768484417,168.388894488173,125.977223962276,-13.6103770963652,14.6642158873582,0
109.008533148292,89.7664945863425,263.39394003494,0.195702552177638,21.3725657720264,0
176.544997720282,-52.2487045888635,147.057605099913,-43.6414183783193,0.508987924600548,0
150.278849963034,49.3116012882668,254.174979949612,32.2753813270157,-3.21889419541743,0
175.553273664584,53.0732512990125,124.12344567921,27.700161791002,-15.3945015704271,0
108.086475196703,2.29357479484841,48.8741527381043,-9.04514495495006,-6.2116210080605,0
189.142240003941,2.88521578198782,106.827730641558,-8.30549177452628,-20.9992530703466,0
181.146151922401,-50.9012699817839,161.143404045126,2.22263059859101,-2.44195639960149,0
242.603801890577,-3.26561934420039,240.894272531852,-34.7199419154799,-20.94026531309,0
75.0347902348724,23.3219137183453,25.9333838151845,20.0681868713473,-7.16977781872182,0
117.624904541847,-67.484241315585,77.0244095235522,-0.762070043441579,33.9001360483546,0
108.88829794089,4.12429468114486,73.0953179673403,-0.238006612883977,24.0936225203593,0
80.0482238819401,71.738154558062,272.79092406275,-24.4193027435598,4.89091076396325,0
148.702999600321,96.0295661255594,97.8399632258622,31.9341397212153,-36.0397969753053,0
69.8003015838672,28.7115471202259,72.8095852753753,29.6816595360889,23.0634238401376,0
4.42080588150223,46.4332727857961,143.41404296134,-40.1654139175019,-24.0821257855243,0
135.114942391929,248.744514380514,27.0208818032829,-13.0463931669786,20.7625017785309,0
137.513753244217,194.318950114754,202.41041631703,-34.6945094130344,10.2713189633682,0
214.057914645219,-14.3188530750352,237.400708743587,19.0080237618678,38.8858440743868,0
133.455962410366,34.5234180978732,270.005425782066,-0.562625893239213,-49.9023661362954,0
42.1097203047775,221.238311952148,275.002001645243,-0.590510834582503,36.9077344437007,0
218.7230217664,38.206986599244,259.592498032728,0.0398462906710425,2.79477338212351,0
38.2055298217146,188.167023088016,34.124336636835,-3.93338914834423,2.4268654325239,0
117.849866800604,174.586031619823,74.3080070509921,23.9382888490725,-3.44849853870461,0
166.041703450879,-21.7844715004096,113.529975375304,-25.6430477670314,27.3406361415265,0
148.739100152421,107.384384440657,38.4031130151233,-5.44010779950813,-0.373973630806687,0
214.328584650762,11.1475961465384,91.4129789768809,-4.15587550002281,-1.83409287090433,0
139.486950526716,-28.3811366339804,288.014499277207,27.2098627227351,10.5964750997374,0
117.821668862311,27.73142085783,76.9172424764414,-30.4737478656966,7.83781271937905,0
9.89678225386857,1.38567830193854,217.39467125919,-14.0518563639161,-22.0778422186552,0
186.599717152827,131.472977857575,145.735230931609,-1.1323971035744,-1.97784954575832,0
133.760909602735,77.8478731402527,234.425201059153,-26.9047249648227,-1.26006304964408,0
195.535765201846,159.059009781448,230.607280351472,0.178683952853592,-0.102325666839951,0
223.808050453972,-60.864593296124,163.709411525511,6.49049174054671,17.4599215363607,0
160.900743041121,-55.2213148667968,65.6586037089426,-0.431594624584558,4.13779197512409,0
81.4419487149675,99.4049835020462,143.66557529802,-10.1447627351099,7.39567427477556,0
240.531306173932,3.41807313775001,27.6836287184189,-0.537547807694852,-0.261206449376697,0
210.211910031318,12.956676633786,285.21329221798,-13.425674412938,36.5047715918632,0
79.1138059976249,222.921672525595,292.162400535597,-7.60132470277352,22.800667464554,0
62.9056829752278,28.0585489472306,185.179332977479,-14.6013374767742,15.1434524682558,0
132.611546550023,199.082886246666,203.761206779482,-20.8109861694515,-5.97190108071208,0
237.888983633513,63.1272052436081,184.935072883538,-0.962340747944445,-23.6759892822297,0
90.4947793642033,-38.5647201395376,294.435436593396,-3.29742277239126,29.2830671970519,0
115.569608675559,101.87726008436,289.594283528096,-1.01641179620814,-32.3455853246667,0
123.540419272048,-14.8083340319345,118.952128777414,-29.3537290704161,34.1101702185268,0
107.227837756393,34.124001289303,128.048678411592,-3.15341133481973,-3.49675002981912,0
96.7765758847844,39.5034169020057,50.166120983468,-17.1572362726718,27.2114175289109,0
198.545343890916,-108.621634985776,182.646605397427,-9.71810144458168,-29.4122289572119,0
256.415728318332,-7.86102875751098,148.205421202614,20.1221830720891,22.3685111299122,0
201.049160445385,-83.8197492119257,161.479443550968,6.88949524287738,-2.30762900789615,0
230.938617623258,-13.9148998930437,255.190522521267,2.8926082795186,17.9101880068268,0
77.1561924024345,131.478348925065,90.1558556310393,0.108280434173329,-0.668684220388565,0
113.289653656443,-39.3594060555074,95.1971057269869,-8.50650923722162,-31.9147091828147,0
245.610833296025,-10.3528491850299,183.414700488372,-4.89782636039472,20.0234299310334,0
85.6478328205844,12.8199056956202,165.637458175274,-5.56353833017531,-24.345876954203,0
38.6199949566087,59.6575773636932,178.052830854548,-19.4519567838461,-33.6639471783358,0
73.2184313677199,196.856258510675,261.158734369746,-42.3647165537292,4.36211068277603,0
253.838906792146,36.3072950621615,149.35704978482,-31.8043524319602,-36.2964040727231,0
239.66412052503,-72.4346153699497,55.1791513633235,-26.5671159861778,-38.7100956575697,0
125.835481877743,81.5826992033005,292.479046168812,17.509986926748,-10.1532748651414,0
241.272777268251,31.4351828759717,105.150710103125,-2.97546272766377,-47.9350255488374,0
137.630656643352,-48.35969927488,255.520286572737,5.35986210422616,0.0593062965546808,0
23.9431024538942,219.438555067607,41.78295552794,14.9632247449566,-26.0189590128141,0
220.129889942791,16.2154298956459,252.626347698272,-35.4706249357072,15.627641644125,0
116.038625110283,49.5032747128753,133.188164251083,21.574961352022,26.3455237009121,0
164.365969415267,204.609366888249,82.0908344544946,24.0705442542063,21.7793605132491,0
158.018032376676,-39.230455299325,209.652294606458,-1.66766327522123,0.579232923020365,0
215.061820478535,-36.4829137313011,65.6053387167276,-48.7296913630545,8.65225640912247,0
38.1001971314899,195.503669618151,176.848132346855,-7.42759456798326,22.1270183931294,0
48.0339188747328,-20.922086416639,246.392387853698,-3.29829757597957,31.2009772846019,0
186.508409292595,53.190078853423,242.152018514665,24.736464353997,-11.5465802963689,0
144.646306032016,97.1323080971264,220.705594144848,7.79386361152091,19.8718248477617,0
184.293662388927,22.9431358883135,97.5543614198687,-32.9397669994264,21.2323630045183,0
253.495874799229,-28.9012197724811,297.89871762448,7.28013386109405,18.3146028115479,0
79.368061725927,187.697032443684,123.039956707288,-41.2155171649183,16.9370673693535,0
59.0346117085382,51.1716147999984,275.301653450239,-23.1275834627204,2.17333305949823,0
